0 20 10
0 20 11
0 20 12
0 20 13
0 20 14
0 20 15
0 20 16
0 20 17
0 20 18
0 20 19
0 21 10
0 21 11
0 21 12
0 21 13
0 21 14
0 21 15
0 21 16
0 21 17
0 21 18
0 21 19
0 22 10
0 22 11
0 22 12
0 22 13
0 22 14
0 22 15
0 22 16
0 22 17
0 22 18
0 22 19
0 23 10
0 23 11
0 23 12
0 23 13
0 23 14
0 23 15
0 23 16
0 23 17
0 23 18
0 23 19
0 24 10
0 24 11
0 24 12
0 24 13
0 24 14
0 24 15
0 24 16
0 24 17
0 24 18
0 24 19
0 25 10
0 25 11
0 25 12
0 25 13
0 25 14
0 25 15
0 25 16
0 25 17
0 25 18
0 25 19
0 26 10
0 26 11
0 26 12
0 26 13
0 26 14
0 26 15
0 26 16
0 26 17
0 26 18
0 26 19
0 27 10
0 27 11
0 27 12
0 27 13
0 27 14
0 27 15
0 27 16
0 27 17
0 27 18
0 27 19
0 28 10
0 28 11
0 28 12
0 28 13
0 28 14
0 28 15
0 28 16
0 28 17
0 28 18
0 28 19
0 29 10
0 29 11
0 29 12
0 29 13
0 29 14
0 29 15
0 29 16
0 29 17
0 29 18
0 29 19
0 30 10
0 30 11
0 30 12
0 30 13
0 30 14
0 30 15
0 30 16
0 30 17
0 30 18
0 30 19
0 31 10
0 31 11
0 31 12
0 31 13
0 31 14
0 31 15
0 31 16
0 31 17
0 31 18
0 31 19
0 32 10
0 32 11
0 32 12
0 32 13
0 32 14
0 32 15
0 32 16
0 32 17
0 32 18
0 32 19
0 33 10
0 33 11
0 33 12
0 33 13
0 33 14
0 33 15
0 33 16
0 33 17
0 33 18
0 33 19
0 34 10
0 34 11
0 34 12
0 34 13
0 34 14
0 34 15
0 34 16
0 34 17
0 34 18
0 34 19
0 35 10
0 35 11
0 35 12
0 35 13
0 35 14
0 35 15
0 35 16
0 35 17
0 35 18
0 35 19
0 36 10
0 36 11
0 36 12
0 36 13
0 36 14
0 36 15
0 36 16
0 36 17
0 36 18
0 36 19
0 37 10
0 37 11
0 37 12
0 37 13
0 37 14
0 37 15
0 37 16
0 37 17
0 37 18
0 37 19
0 38 10
0 38 11
0 38 12
0 38 13
0 38 14
0 38 15
0 38 16
0 38 17
0 38 18
0 38 19
0 39 10
0 39 11
0 39 12
0 39 13
0 39 14
0 39 15
0 39 16
0 39 17
0 39 18
0 39 19
1 20 10
1 20 11
1 20 12
1 20 13
1 20 14
1 20 15
1 20 16
1 20 17
1 20 18
1 20 19
1 21 10
1 21 11
1 21 12
1 21 13
1 21 14
1 21 15
1 21 16
1 21 17
1 21 18
1 21 19
1 22 10
1 22 11
1 22 12
1 22 13
1 22 14
1 22 15
1 22 16
1 22 17
1 22 18
1 22 19
1 23 10
1 23 11
1 23 12
1 23 13
1 23 14
1 23 15
1 23 16
1 23 17
1 23 18
1 23 19
1 24 10
1 24 11
1 24 12
1 24 13
1 24 14
1 24 15
1 24 16
1 24 17
1 24 18
1 24 19
1 25 10
1 25 11
1 25 12
1 25 13
1 25 14
1 25 15
1 25 16
1 25 17
1 25 18
1 25 19
1 26 10
1 26 11
1 26 12
1 26 13
1 26 14
1 26 15
1 26 16
1 26 17
1 26 18
1 26 19
1 27 10
1 27 11
1 27 12
1 27 13
1 27 14
1 27 15
1 27 16
1 27 17
1 27 18
1 27 19
1 28 10
1 28 11
1 28 12
1 28 13
1 28 14
1 28 15
1 28 16
1 28 17
1 28 18
1 28 19
1 29 10
1 29 11
1 29 12
1 29 13
1 29 14
1 29 15
1 29 16
1 29 17
1 29 18
1 29 19
1 30 10
1 30 11
1 30 12
1 30 13
1 30 14
1 30 15
1 30 16
1 30 17
1 30 18
1 30 19
1 31 10
1 31 11
1 31 12
1 31 13
1 31 14
1 31 15
1 31 16
1 31 17
1 31 18
1 31 19
1 32 10
1 32 11
1 32 12
1 32 13
1 32 14
1 32 15
1 32 16
1 32 17
1 32 18
1 32 19
1 33 10
1 33 11
1 33 12
1 33 13
1 33 14
1 33 15
1 33 16
1 33 17
1 33 18
1 33 19
1 34 10
1 34 11
1 34 12
1 34 13
1 34 14
1 34 15
1 34 16
1 34 17
1 34 18
1 34 19
1 35 10
1 35 11
1 35 12
1 35 13
1 35 14
1 35 15
1 35 16
1 35 17
1 35 18
1 35 19
1 36 10
1 36 11
1 36 12
1 36 13
1 36 14
1 36 15
1 36 16
1 36 17
1 36 18
1 36 19
1 37 10
1 37 11
1 37 12
1 37 13
1 37 14
1 37 15
1 37 16
1 37 17
1 37 18
1 37 19
1 38 10
1 38 11
1 38 12
1 38 13
1 38 14
1 38 15
1 38 16
1 38 17
1 38 18
1 38 19
1 39 10
1 39 11
1 39 12
1 39 13
1 39 14
1 39 15
1 39 16
1 39 17
1 39 18
1 39 19
2 20 10
2 20 11
2 20 12
2 20 13
2 20 14
2 20 15
2 20 16
2 20 17
2 20 18
2 20 19
2 21 10
2 21 11
2 21 12
2 21 13
2 21 14
2 21 15
2 21 16
2 21 17
2 21 18
2 21 19
2 22 10
2 22 11
2 22 12
2 22 13
2 22 14
2 22 15
2 22 16
2 22 17
2 22 18
2 22 19
2 23 10
2 23 11
2 23 12
2 23 13
2 23 14
2 23 15
2 23 16
2 23 17
2 23 18
2 23 19
2 24 10
2 24 11
2 24 12
2 24 13
2 24 14
2 24 15
2 24 16
2 24 17
2 24 18
2 24 19
2 25 10
2 25 11
2 25 12
2 25 13
2 25 14
2 25 15
2 25 16
2 25 17
2 25 18
2 25 19
2 26 10
2 26 11
2 26 12
2 26 13
2 26 14
2 26 15
2 26 16
2 26 17
2 26 18
2 26 19
2 27 10
2 27 11
2 27 12
2 27 13
2 27 14
2 27 15
2 27 16
2 27 17
2 27 18
2 27 19
2 28 10
2 28 11
2 28 12
2 28 13
2 28 14
2 28 15
2 28 16
2 28 17
2 28 18
2 28 19
2 29 10
2 29 11
2 29 12
2 29 13
2 29 14
2 29 15
2 29 16
2 29 17
2 29 18
2 29 19
2 30 10
2 30 11
2 30 12
2 30 13
2 30 14
2 30 15
2 30 16
2 30 17
2 30 18
2 30 19
2 31 10
2 31 11
2 31 12
2 31 13
2 31 14
2 31 15
2 31 16
2 31 17
2 31 18
2 31 19
2 32 10
2 32 11
2 32 12
2 32 13
2 32 14
2 32 15
2 32 16
2 32 17
2 32 18
2 32 19
2 33 10
2 33 11
2 33 12
2 33 13
2 33 14
2 33 15
2 33 16
2 33 17
2 33 18
2 33 19
2 34 10
2 34 11
2 34 12
2 34 13
2 34 14
2 34 15
2 34 16
2 34 17
2 34 18
2 34 19
2 35 10
2 35 11
2 35 12
2 35 13
2 35 14
2 35 15
2 35 16
2 35 17
2 35 18
2 35 19
2 36 10
2 36 11
2 36 12
2 36 13
2 36 14
2 36 15
2 36 16
2 36 17
2 36 18
2 36 19
2 37 10
2 37 11
2 37 12
2 37 13
2 37 14
2 37 15
2 37 16
2 37 17
2 37 18
2 37 19
2 38 10
2 38 11
2 38 12
2 38 13
2 38 14
2 38 15
2 38 16
2 38 17
2 38 18
2 38 19
2 39 10
2 39 11
2 39 12
2 39 13
2 39 14
2 39 15
2 39 16
2 39 17
2 39 18
2 39 19
3 20 10
3 20 11
3 20 12
3 20 13
3 20 14
3 20 15
3 20 16
3 20 17
3 20 18
3 20 19
3 21 10
3 21 11
3 21 12
3 21 13
3 21 14
3 21 15
3 21 16
3 21 17
3 21 18
3 21 19
3 22 10
3 22 11
3 22 12
3 22 13
3 22 14
3 22 15
3 22 16
3 22 17
3 22 18
3 22 19
3 23 10
3 23 11
3 23 12
3 23 13
3 23 14
3 23 15
3 23 16
3 23 17
3 23 18
3 23 19
3 24 10
3 24 11
3 24 12
3 24 13
3 24 14
3 24 15
3 24 16
3 24 17
3 24 18
3 24 19
3 25 10
3 25 11
3 25 12
3 25 13
3 25 14
3 25 15
3 25 16
3 25 17
3 25 18
3 25 19
3 26 10
3 26 11
3 26 12
3 26 13
3 26 14
3 26 15
3 26 16
3 26 17
3 26 18
3 26 19
3 27 10
3 27 11
3 27 12
3 27 13
3 27 14
3 27 15
3 27 16
3 27 17
3 27 18
3 27 19
3 28 10
3 28 11
3 28 12
3 28 13
3 28 14
3 28 15
3 28 16
3 28 17
3 28 18
3 28 19
3 29 10
3 29 11
3 29 12
3 29 13
3 29 14
3 29 15
3 29 16
3 29 17
3 29 18
3 29 19
3 30 10
3 30 11
3 30 12
3 30 13
3 30 14
3 30 15
3 30 16
3 30 17
3 30 18
3 30 19
3 31 10
3 31 11
3 31 12
3 31 13
3 31 14
3 31 15
3 31 16
3 31 17
3 31 18
3 31 19
3 32 10
3 32 11
3 32 12
3 32 13
3 32 14
3 32 15
3 32 16
3 32 17
3 32 18
3 32 19
3 33 10
3 33 11
3 33 12
3 33 13
3 33 14
3 33 15
3 33 16
3 33 17
3 33 18
3 33 19
3 34 10
3 34 11
3 34 12
3 34 13
3 34 14
3 34 15
3 34 16
3 34 17
3 34 18
3 34 19
3 35 10
3 35 11
3 35 12
3 35 13
3 35 14
3 35 15
3 35 16
3 35 17
3 35 18
3 35 19
3 36 10
3 36 11
3 36 12
3 36 13
3 36 14
3 36 15
3 36 16
3 36 17
3 36 18
3 36 19
3 37 10
3 37 11
3 37 12
3 37 13
3 37 14
3 37 15
3 37 16
3 37 17
3 37 18
3 37 19
3 38 10
3 38 11
3 38 12
3 38 13
3 38 14
3 38 15
3 38 16
3 38 17
3 38 18
3 38 19
3 39 10
3 39 11
3 39 12
3 39 13
3 39 14
3 39 15
3 39 16
3 39 17
3 39 18
3 39 19
4 20 10
4 20 11
4 20 12
4 20 13
4 20 14
4 20 15
4 20 16
4 20 17
4 20 18
4 20 19
4 21 10
4 21 11
4 21 12
4 21 13
4 21 14
4 21 15
4 21 16
4 21 17
4 21 18
4 21 19
4 22 10
4 22 11
4 22 12
4 22 13
4 22 14
4 22 15
4 22 16
4 22 17
4 22 18
4 22 19
4 23 10
4 23 11
4 23 12
4 23 13
4 23 14
4 23 15
4 23 16
4 23 17
4 23 18
4 23 19
4 24 10
4 24 11
4 24 12
4 24 13
4 24 14
4 24 15
4 24 16
4 24 17
4 24 18
4 24 19
4 25 10
4 25 11
4 25 12
4 25 13
4 25 14
4 25 15
4 25 16
4 25 17
4 25 18
4 25 19
4 26 10
4 26 11
4 26 12
4 26 13
4 26 14
4 26 15
4 26 16
4 26 17
4 26 18
4 26 19
4 27 10
4 27 11
4 27 12
4 27 13
4 27 14
4 27 15
4 27 16
4 27 17
4 27 18
4 27 19
4 28 10
4 28 11
4 28 12
4 28 13
4 28 14
4 28 15
4 28 16
4 28 17
4 28 18
4 28 19
4 29 10
4 29 11
4 29 12
4 29 13
4 29 14
4 29 15
4 29 16
4 29 17
4 29 18
4 29 19
4 30 10
4 30 11
4 30 12
4 30 13
4 30 14
4 30 15
4 30 16
4 30 17
4 30 18
4 30 19
4 31 10
4 31 11
4 31 12
4 31 13
4 31 14
4 31 15
4 31 16
4 31 17
4 31 18
4 31 19
4 32 10
4 32 11
4 32 12
4 32 13
4 32 14
4 32 15
4 32 16
4 32 17
4 32 18
4 32 19
4 33 10
4 33 11
4 33 12
4 33 13
4 33 14
4 33 15
4 33 16
4 33 17
4 33 18
4 33 19
4 34 10
4 34 11
4 34 12
4 34 13
4 34 14
4 34 15
4 34 16
4 34 17
4 34 18
4 34 19
4 35 10
4 35 11
4 35 12
4 35 13
4 35 14
4 35 15
4 35 16
4 35 17
4 35 18
4 35 19
4 36 10
4 36 11
4 36 12
4 36 13
4 36 14
4 36 15
4 36 16
4 36 17
4 36 18
4 36 19
4 37 10
4 37 11
4 37 12
4 37 13
4 37 14
4 37 15
4 37 16
4 37 17
4 37 18
4 37 19
4 38 10
4 38 11
4 38 12
4 38 13
4 38 14
4 38 15
4 38 16
4 38 17
4 38 18
4 38 19
4 39 10
4 39 11
4 39 12
4 39 13
4 39 14
4 39 15
4 39 16
4 39 17
4 39 18
4 39 19
5 20 10
5 20 11
5 20 12
5 20 13
5 20 14
5 20 15
5 20 16
5 20 17
5 20 18
5 20 19
5 21 10
5 21 11
5 21 12
5 21 13
5 21 14
5 21 15
5 21 16
5 21 17
5 21 18
5 21 19
5 22 10
5 22 11
5 22 12
5 22 13
5 22 14
5 22 15
5 22 16
5 22 17
5 22 18
5 22 19
5 23 10
5 23 11
5 23 12
5 23 13
5 23 14
5 23 15
5 23 16
5 23 17
5 23 18
5 23 19
5 24 10
5 24 11
5 24 12
5 24 13
5 24 14
5 24 15
5 24 16
5 24 17
5 24 18
5 24 19
5 25 10
5 25 11
5 25 12
5 25 13
5 25 14
5 25 15
5 25 16
5 25 17
5 25 18
5 25 19
5 26 10
5 26 11
5 26 12
5 26 13
5 26 14
5 26 15
5 26 16
5 26 17
5 26 18
5 26 19
5 27 10
5 27 11
5 27 12
5 27 13
5 27 14
5 27 15
5 27 16
5 27 17
5 27 18
5 27 19
5 28 10
5 28 11
5 28 12
5 28 13
5 28 14
5 28 15
5 28 16
5 28 17
5 28 18
5 28 19
5 29 10
5 29 11
5 29 12
5 29 13
5 29 14
5 29 15
5 29 16
5 29 17
5 29 18
5 29 19
5 30 10
5 30 11
5 30 12
5 30 13
5 30 14
5 30 15
5 30 16
5 30 17
5 30 18
5 30 19
5 31 10
5 31 11
5 31 12
5 31 13
5 31 14
5 31 15
5 31 16
5 31 17
5 31 18
5 31 19
5 32 10
5 32 11
5 32 12
5 32 13
5 32 14
5 32 15
5 32 16
5 32 17
5 32 18
5 32 19
5 33 10
5 33 11
5 33 12
5 33 13
5 33 14
5 33 15
5 33 16
5 33 17
5 33 18
5 33 19
5 34 10
5 34 11
5 34 12
5 34 13
5 34 14
5 34 15
5 34 16
5 34 17
5 34 18
5 34 19
5 35 10
5 35 11
5 35 12
5 35 13
5 35 14
5 35 15
5 35 16
5 35 17
5 35 18
5 35 19
5 36 10
5 36 11
5 36 12
5 36 13
5 36 14
5 36 15
5 36 16
5 36 17
5 36 18
5 36 19
5 37 10
5 37 11
5 37 12
5 37 13
5 37 14
5 37 15
5 37 16
5 37 17
5 37 18
5 37 19
5 38 10
5 38 11
5 38 12
5 38 13
5 38 14
5 38 15
5 38 16
5 38 17
5 38 18
5 38 19
5 39 10
5 39 11
5 39 12
5 39 13
5 39 14
5 39 15
5 39 16
5 39 17
5 39 18
5 39 19
6 20 10
6 20 11
6 20 12
6 20 13
6 20 14
6 20 15
6 20 16
6 20 17
6 20 18
6 20 19
6 21 10
6 21 11
6 21 12
6 21 13
6 21 14
6 21 15
6 21 16
6 21 17
6 21 18
6 21 19
6 22 10
6 22 11
6 22 12
6 22 13
6 22 14
6 22 15
6 22 16
6 22 17
6 22 18
6 22 19
6 23 10
6 23 11
6 23 12
6 23 13
6 23 14
6 23 15
6 23 16
6 23 17
6 23 18
6 23 19
6 24 10
6 24 11
6 24 12
6 24 13
6 24 14
6 24 15
6 24 16
6 24 17
6 24 18
6 24 19
6 25 10
6 25 11
6 25 12
6 25 13
6 25 14
6 25 15
6 25 16
6 25 17
6 25 18
6 25 19
6 26 10
6 26 11
6 26 12
6 26 13
6 26 14
6 26 15
6 26 16
6 26 17
6 26 18
6 26 19
6 27 10
6 27 11
6 27 12
6 27 13
6 27 14
6 27 15
6 27 16
6 27 17
6 27 18
6 27 19
6 28 10
6 28 11
6 28 12
6 28 13
6 28 14
6 28 15
6 28 16
6 28 17
6 28 18
6 28 19
6 29 10
6 29 11
6 29 12
6 29 13
6 29 14
6 29 15
6 29 16
6 29 17
6 29 18
6 29 19
6 30 10
6 30 11
6 30 12
6 30 13
6 30 14
6 30 15
6 30 16
6 30 17
6 30 18
6 30 19
6 31 10
6 31 11
6 31 12
6 31 13
6 31 14
6 31 15
6 31 16
6 31 17
6 31 18
6 31 19
6 32 10
6 32 11
6 32 12
6 32 13
6 32 14
6 32 15
6 32 16
6 32 17
6 32 18
6 32 19
6 33 10
6 33 11
6 33 12
6 33 13
6 33 14
6 33 15
6 33 16
6 33 17
6 33 18
6 33 19
6 34 10
6 34 11
6 34 12
6 34 13
6 34 14
6 34 15
6 34 16
6 34 17
6 34 18
6 34 19
6 35 10
6 35 11
6 35 12
6 35 13
6 35 14
6 35 15
6 35 16
6 35 17
6 35 18
6 35 19
6 36 10
6 36 11
6 36 12
6 36 13
6 36 14
6 36 15
6 36 16
6 36 17
6 36 18
6 36 19
6 37 10
6 37 11
6 37 12
6 37 13
6 37 14
6 37 15
6 37 16
6 37 17
6 37 18
6 37 19
6 38 10
6 38 11
6 38 12
6 38 13
6 38 14
6 38 15
6 38 16
6 38 17
6 38 18
6 38 19
6 39 10
6 39 11
6 39 12
6 39 13
6 39 14
6 39 15
6 39 16
6 39 17
6 39 18
6 39 19
7 20 10
7 20 11
7 20 12
7 20 13
7 20 14
7 20 15
7 20 16
7 20 17
7 20 18
7 20 19
7 21 10
7 21 11
7 21 12
7 21 13
7 21 14
7 21 15
7 21 16
7 21 17
7 21 18
7 21 19
7 22 10
7 22 11
7 22 12
7 22 13
7 22 14
7 22 15
7 22 16
7 22 17
7 22 18
7 22 19
7 23 10
7 23 11
7 23 12
7 23 13
7 23 14
7 23 15
7 23 16
7 23 17
7 23 18
7 23 19
7 24 10
7 24 11
7 24 12
7 24 13
7 24 14
7 24 15
7 24 16
7 24 17
7 24 18
7 24 19
7 25 10
7 25 11
7 25 12
7 25 13
7 25 14
7 25 15
7 25 16
7 25 17
7 25 18
7 25 19
7 26 10
7 26 11
7 26 12
7 26 13
7 26 14
7 26 15
7 26 16
7 26 17
7 26 18
7 26 19
7 27 10
7 27 11
7 27 12
7 27 13
7 27 14
7 27 15
7 27 16
7 27 17
7 27 18
7 27 19
7 28 10
7 28 11
7 28 12
7 28 13
7 28 14
7 28 15
7 28 16
7 28 17
7 28 18
7 28 19
7 29 10
7 29 11
7 29 12
7 29 13
7 29 14
7 29 15
7 29 16
7 29 17
7 29 18
7 29 19
7 30 10
7 30 11
7 30 12
7 30 13
7 30 14
7 30 15
7 30 16
7 30 17
7 30 18
7 30 19
7 31 10
7 31 11
7 31 12
7 31 13
7 31 14
7 31 15
7 31 16
7 31 17
7 31 18
7 31 19
7 32 10
7 32 11
7 32 12
7 32 13
7 32 14
7 32 15
7 32 16
7 32 17
7 32 18
7 32 19
7 33 10
7 33 11
7 33 12
7 33 13
7 33 14
7 33 15
7 33 16
7 33 17
7 33 18
7 33 19
7 34 10
7 34 11
7 34 12
7 34 13
7 34 14
7 34 15
7 34 16
7 34 17
7 34 18
7 34 19
7 35 10
7 35 11
7 35 12
7 35 13
7 35 14
7 35 15
7 35 16
7 35 17
7 35 18
7 35 19
7 36 10
7 36 11
7 36 12
7 36 13
7 36 14
7 36 15
7 36 16
7 36 17
7 36 18
7 36 19
7 37 10
7 37 11
7 37 12
7 37 13
7 37 14
7 37 15
7 37 16
7 37 17
7 37 18
7 37 19
7 38 10
7 38 11
7 38 12
7 38 13
7 38 14
7 38 15
7 38 16
7 38 17
7 38 18
7 38 19
7 39 10
7 39 11
7 39 12
7 39 13
7 39 14
7 39 15
7 39 16
7 39 17
7 39 18
7 39 19
8 20 10
8 20 11
8 20 12
8 20 13
8 20 14
8 20 15
8 20 16
8 20 17
8 20 18
8 20 19
8 21 10
8 21 11
8 21 12
8 21 13
8 21 14
8 21 15
8 21 16
8 21 17
8 21 18
8 21 19
8 22 10
8 22 11
8 22 12
8 22 13
8 22 14
8 22 15
8 22 16
8 22 17
8 22 18
8 22 19
8 23 10
8 23 11
8 23 12
8 23 13
8 23 14
8 23 15
8 23 16
8 23 17
8 23 18
8 23 19
8 24 10
8 24 11
8 24 12
8 24 13
8 24 14
8 24 15
8 24 16
8 24 17
8 24 18
8 24 19
8 25 10
8 25 11
8 25 12
8 25 13
8 25 14
8 25 15
8 25 16
8 25 17
8 25 18
8 25 19
8 26 10
8 26 11
8 26 12
8 26 13
8 26 14
8 26 15
8 26 16
8 26 17
8 26 18
8 26 19
8 27 10
8 27 11
8 27 12
8 27 13
8 27 14
8 27 15
8 27 16
8 27 17
8 27 18
8 27 19
8 28 10
8 28 11
8 28 12
8 28 13
8 28 14
8 28 15
8 28 16
8 28 17
8 28 18
8 28 19
8 29 10
8 29 11
8 29 12
8 29 13
8 29 14
8 29 15
8 29 16
8 29 17
8 29 18
8 29 19
8 30 10
8 30 11
8 30 12
8 30 13
8 30 14
8 30 15
8 30 16
8 30 17
8 30 18
8 30 19
8 31 10
8 31 11
8 31 12
8 31 13
8 31 14
8 31 15
8 31 16
8 31 17
8 31 18
8 31 19
8 32 10
8 32 11
8 32 12
8 32 13
8 32 14
8 32 15
8 32 16
8 32 17
8 32 18
8 32 19
8 33 10
8 33 11
8 33 12
8 33 13
8 33 14
8 33 15
8 33 16
8 33 17
8 33 18
8 33 19
8 34 10
8 34 11
8 34 12
8 34 13
8 34 14
8 34 15
8 34 16
8 34 17
8 34 18
8 34 19
8 35 10
8 35 11
8 35 12
8 35 13
8 35 14
8 35 15
8 35 16
8 35 17
8 35 18
8 35 19
8 36 10
8 36 11
8 36 12
8 36 13
8 36 14
8 36 15
8 36 16
8 36 17
8 36 18
8 36 19
8 37 10
8 37 11
8 37 12
8 37 13
8 37 14
8 37 15
8 37 16
8 37 17
8 37 18
8 37 19
8 38 10
8 38 11
8 38 12
8 38 13
8 38 14
8 38 15
8 38 16
8 38 17
8 38 18
8 38 19
8 39 10
8 39 11
8 39 12
8 39 13
8 39 14
8 39 15
8 39 16
8 39 17
8 39 18
8 39 19
9 20 10
9 20 11
9 20 12
9 20 13
9 20 14
9 20 15
9 20 16
9 20 17
9 20 18
9 20 19
9 21 10
9 21 11
9 21 12
9 21 13
9 21 14
9 21 15
9 21 16
9 21 17
9 21 18
9 21 19
9 22 10
9 22 11
9 22 12
9 22 13
9 22 14
9 22 15
9 22 16
9 22 17
9 22 18
9 22 19
9 23 10
9 23 11
9 23 12
9 23 13
9 23 14
9 23 15
9 23 16
9 23 17
9 23 18
9 23 19
9 24 10
9 24 11
9 24 12
9 24 13
9 24 14
9 24 15
9 24 16
9 24 17
9 24 18
9 24 19
9 25 10
9 25 11
9 25 12
9 25 13
9 25 14
9 25 15
9 25 16
9 25 17
9 25 18
9 25 19
9 26 10
9 26 11
9 26 12
9 26 13
9 26 14
9 26 15
9 26 16
9 26 17
9 26 18
9 26 19
9 27 10
9 27 11
9 27 12
9 27 13
9 27 14
9 27 15
9 27 16
9 27 17
9 27 18
9 27 19
9 28 10
9 28 11
9 28 12
9 28 13
9 28 14
9 28 15
9 28 16
9 28 17
9 28 18
9 28 19
9 29 10
9 29 11
9 29 12
9 29 13
9 29 14
9 29 15
9 29 16
9 29 17
9 29 18
9 29 19
9 30 10
9 30 11
9 30 12
9 30 13
9 30 14
9 30 15
9 30 16
9 30 17
9 30 18
9 30 19
9 31 10
9 31 11
9 31 12
9 31 13
9 31 14
9 31 15
9 31 16
9 31 17
9 31 18
9 31 19
9 32 10
9 32 11
9 32 12
9 32 13
9 32 14
9 32 15
9 32 16
9 32 17
9 32 18
9 32 19
9 33 10
9 33 11
9 33 12
9 33 13
9 33 14
9 33 15
9 33 16
9 33 17
9 33 18
9 33 19
9 34 10
9 34 11
9 34 12
9 34 13
9 34 14
9 34 15
9 34 16
9 34 17
9 34 18
9 34 19
9 35 10
9 35 11
9 35 12
9 35 13
9 35 14
9 35 15
9 35 16
9 35 17
9 35 18
9 35 19
9 36 10
9 36 11
9 36 12
9 36 13
9 36 14
9 36 15
9 36 16
9 36 17
9 36 18
9 36 19
9 37 10
9 37 11
9 37 12
9 37 13
9 37 14
9 37 15
9 37 16
9 37 17
9 37 18
9 37 19
9 38 10
9 38 11
9 38 12
9 38 13
9 38 14
9 38 15
9 38 16
9 38 17
9 38 18
9 38 19
9 39 10
9 39 11
9 39 12
9 39 13
9 39 14
9 39 15
9 39 16
9 39 17
9 39 18
9 39 19
10 20 10
10 20 11
10 20 12
10 20 13
10 20 14
10 20 15
10 20 16
10 20 17
10 20 18
10 20 19
10 21 10
10 21 11
10 21 12
10 21 13
10 21 14
10 21 15
10 21 16
10 21 17
10 21 18
10 21 19
10 22 10
10 22 11
10 22 12
10 22 13
10 22 14
10 22 15
10 22 16
10 22 17
10 22 18
10 22 19
10 23 10
10 23 11
10 23 12
10 23 13
10 23 14
10 23 15
10 23 16
10 23 17
10 23 18
10 23 19
10 24 10
10 24 11
10 24 12
10 24 13
10 24 14
10 24 15
10 24 16
10 24 17
10 24 18
10 24 19
10 25 10
10 25 11
10 25 12
10 25 13
10 25 14
10 25 15
10 25 16
10 25 17
10 25 18
10 25 19
10 26 10
10 26 11
10 26 12
10 26 13
10 26 14
10 26 15
10 26 16
10 26 17
10 26 18
10 26 19
10 27 10
10 27 11
10 27 12
10 27 13
10 27 14
10 27 15
10 27 16
10 27 17
10 27 18
10 27 19
10 28 10
10 28 11
10 28 12
10 28 13
10 28 14
10 28 15
10 28 16
10 28 17
10 28 18
10 28 19
10 29 10
10 29 11
10 29 12
10 29 13
10 29 14
10 29 15
10 29 16
10 29 17
10 29 18
10 29 19
10 30 10
10 30 11
10 30 12
10 30 13
10 30 14
10 30 15
10 30 16
10 30 17
10 30 18
10 30 19
10 31 10
10 31 11
10 31 12
10 31 13
10 31 14
10 31 15
10 31 16
10 31 17
10 31 18
10 31 19
10 32 10
10 32 11
10 32 12
10 32 13
10 32 14
10 32 15
10 32 16
10 32 17
10 32 18
10 32 19
10 33 10
10 33 11
10 33 12
10 33 13
10 33 14
10 33 15
10 33 16
10 33 17
10 33 18
10 33 19
10 34 10
10 34 11
10 34 12
10 34 13
10 34 14
10 34 15
10 34 16
10 34 17
10 34 18
10 34 19
10 35 10
10 35 11
10 35 12
10 35 13
10 35 14
10 35 15
10 35 16
10 35 17
10 35 18
10 35 19
10 36 10
10 36 11
10 36 12
10 36 13
10 36 14
10 36 15
10 36 16
10 36 17
10 36 18
10 36 19
10 37 10
10 37 11
10 37 12
10 37 13
10 37 14
10 37 15
10 37 16
10 37 17
10 37 18
10 37 19
10 38 10
10 38 11
10 38 12
10 38 13
10 38 14
10 38 15
10 38 16
10 38 17
10 38 18
10 38 19
10 39 10
10 39 11
10 39 12
10 39 13
10 39 14
10 39 15
10 39 16
10 39 17
10 39 18
10 39 19
11 20 10
11 20 11
11 20 12
11 20 13
11 20 14
11 20 15
11 20 16
11 20 17
11 20 18
11 20 19
11 21 10
11 21 11
11 21 12
11 21 13
11 21 14
11 21 15
11 21 16
11 21 17
11 21 18
11 21 19
11 22 10
11 22 11
11 22 12
11 22 13
11 22 14
11 22 15
11 22 16
11 22 17
11 22 18
11 22 19
11 23 10
11 23 11
11 23 12
11 23 13
11 23 14
11 23 15
11 23 16
11 23 17
11 23 18
11 23 19
11 24 10
11 24 11
11 24 12
11 24 13
11 24 14
11 24 15
11 24 16
11 24 17
11 24 18
11 24 19
11 25 10
11 25 11
11 25 12
11 25 13
11 25 14
11 25 15
11 25 16
11 25 17
11 25 18
11 25 19
11 26 10
11 26 11
11 26 12
11 26 13
11 26 14
11 26 15
11 26 16
11 26 17
11 26 18
11 26 19
11 27 10
11 27 11
11 27 12
11 27 13
11 27 14
11 27 15
11 27 16
11 27 17
11 27 18
11 27 19
11 28 10
11 28 11
11 28 12
11 28 13
11 28 14
11 28 15
11 28 16
11 28 17
11 28 18
11 28 19
11 29 10
11 29 11
11 29 12
11 29 13
11 29 14
11 29 15
11 29 16
11 29 17
11 29 18
11 29 19
11 30 10
11 30 11
11 30 12
11 30 13
11 30 14
11 30 15
11 30 16
11 30 17
11 30 18
11 30 19
11 31 10
11 31 11
11 31 12
11 31 13
11 31 14
11 31 15
11 31 16
11 31 17
11 31 18
11 31 19
11 32 10
11 32 11
11 32 12
11 32 13
11 32 14
11 32 15
11 32 16
11 32 17
11 32 18
11 32 19
11 33 10
11 33 11
11 33 12
11 33 13
11 33 14
11 33 15
11 33 16
11 33 17
11 33 18
11 33 19
11 34 10
11 34 11
11 34 12
11 34 13
11 34 14
11 34 15
11 34 16
11 34 17
11 34 18
11 34 19
11 35 10
11 35 11
11 35 12
11 35 13
11 35 14
11 35 15
11 35 16
11 35 17
11 35 18
11 35 19
11 36 10
11 36 11
11 36 12
11 36 13
11 36 14
11 36 15
11 36 16
11 36 17
11 36 18
11 36 19
11 37 10
11 37 11
11 37 12
11 37 13
11 37 14
11 37 15
11 37 16
11 37 17
11 37 18
11 37 19
11 38 10
11 38 11
11 38 12
11 38 13
11 38 14
11 38 15
11 38 16
11 38 17
11 38 18
11 38 19
11 39 10
11 39 11
11 39 12
11 39 13
11 39 14
11 39 15
11 39 16
11 39 17
11 39 18
11 39 19
12 20 10
12 20 11
12 20 12
12 20 13
12 20 14
12 20 15
12 20 16
12 20 17
12 20 18
12 20 19
12 21 10
12 21 11
12 21 12
12 21 13
12 21 14
12 21 15
12 21 16
12 21 17
12 21 18
12 21 19
12 22 10
12 22 11
12 22 12
12 22 13
12 22 14
12 22 15
12 22 16
12 22 17
12 22 18
12 22 19
12 23 10
12 23 11
12 23 12
12 23 13
12 23 14
12 23 15
12 23 16
12 23 17
12 23 18
12 23 19
12 24 10
12 24 11
12 24 12
12 24 13
12 24 14
12 24 15
12 24 16
12 24 17
12 24 18
12 24 19
12 25 10
12 25 11
12 25 12
12 25 13
12 25 14
12 25 15
12 25 16
12 25 17
12 25 18
12 25 19
12 26 10
12 26 11
12 26 12
12 26 13
12 26 14
12 26 15
12 26 16
12 26 17
12 26 18
12 26 19
12 27 10
12 27 11
12 27 12
12 27 13
12 27 14
12 27 15
12 27 16
12 27 17
12 27 18
12 27 19
12 28 10
12 28 11
12 28 12
12 28 13
12 28 14
12 28 15
12 28 16
12 28 17
12 28 18
12 28 19
12 29 10
12 29 11
12 29 12
12 29 13
12 29 14
12 29 15
12 29 16
12 29 17
12 29 18
12 29 19
12 30 10
12 30 11
12 30 12
12 30 13
12 30 14
12 30 15
12 30 16
12 30 17
12 30 18
12 30 19
12 31 10
12 31 11
12 31 12
12 31 13
12 31 14
12 31 15
12 31 16
12 31 17
12 31 18
12 31 19
12 32 10
12 32 11
12 32 12
12 32 13
12 32 14
12 32 15
12 32 16
12 32 17
12 32 18
12 32 19
12 33 10
12 33 11
12 33 12
12 33 13
12 33 14
12 33 15
12 33 16
12 33 17
12 33 18
12 33 19
12 34 10
12 34 11
12 34 12
12 34 13
12 34 14
12 34 15
12 34 16
12 34 17
12 34 18
12 34 19
12 35 10
12 35 11
12 35 12
12 35 13
12 35 14
12 35 15
12 35 16
12 35 17
12 35 18
12 35 19
12 36 10
12 36 11
12 36 12
12 36 13
12 36 14
12 36 15
12 36 16
12 36 17
12 36 18
12 36 19
12 37 10
12 37 11
12 37 12
12 37 13
12 37 14
12 37 15
12 37 16
12 37 17
12 37 18
12 37 19
12 38 10
12 38 11
12 38 12
12 38 13
12 38 14
12 38 15
12 38 16
12 38 17
12 38 18
12 38 19
12 39 10
12 39 11
12 39 12
12 39 13
12 39 14
12 39 15
12 39 16
12 39 17
12 39 18
12 39 19
13 20 10
13 20 11
13 20 12
13 20 13
13 20 14
13 20 15
13 20 16
13 20 17
13 20 18
13 20 19
13 21 10
13 21 11
13 21 12
13 21 13
13 21 14
13 21 15
13 21 16
13 21 17
13 21 18
13 21 19
13 22 10
13 22 11
13 22 12
13 22 13
13 22 14
13 22 15
13 22 16
13 22 17
13 22 18
13 22 19
13 23 10
13 23 11
13 23 12
13 23 13
13 23 14
13 23 15
13 23 16
13 23 17
13 23 18
13 23 19
13 24 10
13 24 11
13 24 12
13 24 13
13 24 14
13 24 15
13 24 16
13 24 17
13 24 18
13 24 19
13 25 10
13 25 11
13 25 12
13 25 13
13 25 14
13 25 15
13 25 16
13 25 17
13 25 18
13 25 19
13 26 10
13 26 11
13 26 12
13 26 13
13 26 14
13 26 15
13 26 16
13 26 17
13 26 18
13 26 19
13 27 10
13 27 11
13 27 12
13 27 13
13 27 14
13 27 15
13 27 16
13 27 17
13 27 18
13 27 19
13 28 10
13 28 11
13 28 12
13 28 13
13 28 14
13 28 15
13 28 16
13 28 17
13 28 18
13 28 19
13 29 10
13 29 11
13 29 12
13 29 13
13 29 14
13 29 15
13 29 16
13 29 17
13 29 18
13 29 19
13 30 10
13 30 11
13 30 12
13 30 13
13 30 14
13 30 15
13 30 16
13 30 17
13 30 18
13 30 19
13 31 10
13 31 11
13 31 12
13 31 13
13 31 14
13 31 15
13 31 16
13 31 17
13 31 18
13 31 19
13 32 10
13 32 11
13 32 12
13 32 13
13 32 14
13 32 15
13 32 16
13 32 17
13 32 18
13 32 19
13 33 10
13 33 11
13 33 12
13 33 13
13 33 14
13 33 15
13 33 16
13 33 17
13 33 18
13 33 19
13 34 10
13 34 11
13 34 12
13 34 13
13 34 14
13 34 15
13 34 16
13 34 17
13 34 18
13 34 19
13 35 10
13 35 11
13 35 12
13 35 13
13 35 14
13 35 15
13 35 16
13 35 17
13 35 18
13 35 19
13 36 10
13 36 11
13 36 12
13 36 13
13 36 14
13 36 15
13 36 16
13 36 17
13 36 18
13 36 19
13 37 10
13 37 11
13 37 12
13 37 13
13 37 14
13 37 15
13 37 16
13 37 17
13 37 18
13 37 19
13 38 10
13 38 11
13 38 12
13 38 13
13 38 14
13 38 15
13 38 16
13 38 17
13 38 18
13 38 19
13 39 10
13 39 11
13 39 12
13 39 13
13 39 14
13 39 15
13 39 16
13 39 17
13 39 18
13 39 19
14 20 10
14 20 11
14 20 12
14 20 13
14 20 14
14 20 15
14 20 16
14 20 17
14 20 18
14 20 19
14 21 10
14 21 11
14 21 12
14 21 13
14 21 14
14 21 15
14 21 16
14 21 17
14 21 18
14 21 19
14 22 10
14 22 11
14 22 12
14 22 13
14 22 14
14 22 15
14 22 16
14 22 17
14 22 18
14 22 19
14 23 10
14 23 11
14 23 12
14 23 13
14 23 14
14 23 15
14 23 16
14 23 17
14 23 18
14 23 19
14 24 10
14 24 11
14 24 12
14 24 13
14 24 14
14 24 15
14 24 16
14 24 17
14 24 18
14 24 19
14 25 10
14 25 11
14 25 12
14 25 13
14 25 14
14 25 15
14 25 16
14 25 17
14 25 18
14 25 19
14 26 10
14 26 11
14 26 12
14 26 13
14 26 14
14 26 15
14 26 16
14 26 17
14 26 18
14 26 19
14 27 10
14 27 11
14 27 12
14 27 13
14 27 14
14 27 15
14 27 16
14 27 17
14 27 18
14 27 19
14 28 10
14 28 11
14 28 12
14 28 13
14 28 14
14 28 15
14 28 16
14 28 17
14 28 18
14 28 19
14 29 10
14 29 11
14 29 12
14 29 13
14 29 14
14 29 15
14 29 16
14 29 17
14 29 18
14 29 19
14 30 10
14 30 11
14 30 12
14 30 13
14 30 14
14 30 15
14 30 16
14 30 17
14 30 18
14 30 19
14 31 10
14 31 11
14 31 12
14 31 13
14 31 14
14 31 15
14 31 16
14 31 17
14 31 18
14 31 19
14 32 10
14 32 11
14 32 12
14 32 13
14 32 14
14 32 15
14 32 16
14 32 17
14 32 18
14 32 19
14 33 10
14 33 11
14 33 12
14 33 13
14 33 14
14 33 15
14 33 16
14 33 17
14 33 18
14 33 19
14 34 10
14 34 11
14 34 12
14 34 13
14 34 14
14 34 15
14 34 16
14 34 17
14 34 18
14 34 19
14 35 10
14 35 11
14 35 12
14 35 13
14 35 14
14 35 15
14 35 16
14 35 17
14 35 18
14 35 19
14 36 10
14 36 11
14 36 12
14 36 13
14 36 14
14 36 15
14 36 16
14 36 17
14 36 18
14 36 19
14 37 10
14 37 11
14 37 12
14 37 13
14 37 14
14 37 15
14 37 16
14 37 17
14 37 18
14 37 19
14 38 10
14 38 11
14 38 12
14 38 13
14 38 14
14 38 15
14 38 16
14 38 17
14 38 18
14 38 19
14 39 10
14 39 11
14 39 12
14 39 13
14 39 14
14 39 15
14 39 16
14 39 17
14 39 18
14 39 19
15 20 10
15 20 11
15 20 12
15 20 13
15 20 14
15 20 15
15 20 16
15 20 17
15 20 18
15 20 19
15 21 10
15 21 11
15 21 12
15 21 13
15 21 14
15 21 15
15 21 16
15 21 17
15 21 18
15 21 19
15 22 10
15 22 11
15 22 12
15 22 13
15 22 14
15 22 15
15 22 16
15 22 17
15 22 18
15 22 19
15 23 10
15 23 11
15 23 12
15 23 13
15 23 14
15 23 15
15 23 16
15 23 17
15 23 18
15 23 19
15 24 10
15 24 11
15 24 12
15 24 13
15 24 14
15 24 15
15 24 16
15 24 17
15 24 18
15 24 19
15 25 10
15 25 11
15 25 12
15 25 13
15 25 14
15 25 15
15 25 16
15 25 17
15 25 18
15 25 19
15 26 10
15 26 11
15 26 12
15 26 13
15 26 14
15 26 15
15 26 16
15 26 17
15 26 18
15 26 19
15 27 10
15 27 11
15 27 12
15 27 13
15 27 14
15 27 15
15 27 16
15 27 17
15 27 18
15 27 19
15 28 10
15 28 11
15 28 12
15 28 13
15 28 14
15 28 15
15 28 16
15 28 17
15 28 18
15 28 19
15 29 10
15 29 11
15 29 12
15 29 13
15 29 14
15 29 15
15 29 16
15 29 17
15 29 18
15 29 19
15 30 10
15 30 11
15 30 12
15 30 13
15 30 14
15 30 15
15 30 16
15 30 17
15 30 18
15 30 19
15 31 10
15 31 11
15 31 12
15 31 13
15 31 14
15 31 15
15 31 16
15 31 17
15 31 18
15 31 19
15 32 10
15 32 11
15 32 12
15 32 13
15 32 14
15 32 15
15 32 16
15 32 17
15 32 18
15 32 19
15 33 10
15 33 11
15 33 12
15 33 13
15 33 14
15 33 15
15 33 16
15 33 17
15 33 18
15 33 19
15 34 10
15 34 11
15 34 12
15 34 13
15 34 14
15 34 15
15 34 16
15 34 17
15 34 18
15 34 19
15 35 10
15 35 11
15 35 12
15 35 13
15 35 14
15 35 15
15 35 16
15 35 17
15 35 18
15 35 19
15 36 10
15 36 11
15 36 12
15 36 13
15 36 14
15 36 15
15 36 16
15 36 17
15 36 18
15 36 19
15 37 10
15 37 11
15 37 12
15 37 13
15 37 14
15 37 15
15 37 16
15 37 17
15 37 18
15 37 19
15 38 10
15 38 11
15 38 12
15 38 13
15 38 14
15 38 15
15 38 16
15 38 17
15 38 18
15 38 19
15 39 10
15 39 11
15 39 12
15 39 13
15 39 14
15 39 15
15 39 16
15 39 17
15 39 18
15 39 19
16 20 10
16 20 11
16 20 12
16 20 13
16 20 14
16 20 15
16 20 16
16 20 17
16 20 18
16 20 19
16 21 10
16 21 11
16 21 12
16 21 13
16 21 14
16 21 15
16 21 16
16 21 17
16 21 18
16 21 19
16 22 10
16 22 11
16 22 12
16 22 13
16 22 14
16 22 15
16 22 16
16 22 17
16 22 18
16 22 19
16 23 10
16 23 11
16 23 12
16 23 13
16 23 14
16 23 15
16 23 16
16 23 17
16 23 18
16 23 19
16 24 10
16 24 11
16 24 12
16 24 13
16 24 14
16 24 15
16 24 16
16 24 17
16 24 18
16 24 19
16 25 10
16 25 11
16 25 12
16 25 13
16 25 14
16 25 15
16 25 16
16 25 17
16 25 18
16 25 19
16 26 10
16 26 11
16 26 12
16 26 13
16 26 14
16 26 15
16 26 16
16 26 17
16 26 18
16 26 19
16 27 10
16 27 11
16 27 12
16 27 13
16 27 14
16 27 15
16 27 16
16 27 17
16 27 18
16 27 19
16 28 10
16 28 11
16 28 12
16 28 13
16 28 14
16 28 15
16 28 16
16 28 17
16 28 18
16 28 19
16 29 10
16 29 11
16 29 12
16 29 13
16 29 14
16 29 15
16 29 16
16 29 17
16 29 18
16 29 19
16 30 10
16 30 11
16 30 12
16 30 13
16 30 14
16 30 15
16 30 16
16 30 17
16 30 18
16 30 19
16 31 10
16 31 11
16 31 12
16 31 13
16 31 14
16 31 15
16 31 16
16 31 17
16 31 18
16 31 19
16 32 10
16 32 11
16 32 12
16 32 13
16 32 14
16 32 15
16 32 16
16 32 17
16 32 18
16 32 19
16 33 10
16 33 11
16 33 12
16 33 13
16 33 14
16 33 15
16 33 16
16 33 17
16 33 18
16 33 19
16 34 10
16 34 11
16 34 12
16 34 13
16 34 14
16 34 15
16 34 16
16 34 17
16 34 18
16 34 19
16 35 10
16 35 11
16 35 12
16 35 13
16 35 14
16 35 15
16 35 16
16 35 17
16 35 18
16 35 19
16 36 10
16 36 11
16 36 12
16 36 13
16 36 14
16 36 15
16 36 16
16 36 17
16 36 18
16 36 19
16 37 10
16 37 11
16 37 12
16 37 13
16 37 14
16 37 15
16 37 16
16 37 17
16 37 18
16 37 19
16 38 10
16 38 11
16 38 12
16 38 13
16 38 14
16 38 15
16 38 16
16 38 17
16 38 18
16 38 19
16 39 10
16 39 11
16 39 12
16 39 13
16 39 14
16 39 15
16 39 16
16 39 17
16 39 18
16 39 19
17 20 10
17 20 11
17 20 12
17 20 13
17 20 14
17 20 15
17 20 16
17 20 17
17 20 18
17 20 19
17 21 10
17 21 11
17 21 12
17 21 13
17 21 14
17 21 15
17 21 16
17 21 17
17 21 18
17 21 19
17 22 10
17 22 11
17 22 12
17 22 13
17 22 14
17 22 15
17 22 16
17 22 17
17 22 18
17 22 19
17 23 10
17 23 11
17 23 12
17 23 13
17 23 14
17 23 15
17 23 16
17 23 17
17 23 18
17 23 19
17 24 10
17 24 11
17 24 12
17 24 13
17 24 14
17 24 15
17 24 16
17 24 17
17 24 18
17 24 19
17 25 10
17 25 11
17 25 12
17 25 13
17 25 14
17 25 15
17 25 16
17 25 17
17 25 18
17 25 19
17 26 10
17 26 11
17 26 12
17 26 13
17 26 14
17 26 15
17 26 16
17 26 17
17 26 18
17 26 19
17 27 10
17 27 11
17 27 12
17 27 13
17 27 14
17 27 15
17 27 16
17 27 17
17 27 18
17 27 19
17 28 10
17 28 11
17 28 12
17 28 13
17 28 14
17 28 15
17 28 16
17 28 17
17 28 18
17 28 19
17 29 10
17 29 11
17 29 12
17 29 13
17 29 14
17 29 15
17 29 16
17 29 17
17 29 18
17 29 19
17 30 10
17 30 11
17 30 12
17 30 13
17 30 14
17 30 15
17 30 16
17 30 17
17 30 18
17 30 19
17 31 10
17 31 11
17 31 12
17 31 13
17 31 14
17 31 15
17 31 16
17 31 17
17 31 18
17 31 19
17 32 10
17 32 11
17 32 12
17 32 13
17 32 14
17 32 15
17 32 16
17 32 17
17 32 18
17 32 19
17 33 10
17 33 11
17 33 12
17 33 13
17 33 14
17 33 15
17 33 16
17 33 17
17 33 18
17 33 19
17 34 10
17 34 11
17 34 12
17 34 13
17 34 14
17 34 15
17 34 16
17 34 17
17 34 18
17 34 19
17 35 10
17 35 11
17 35 12
17 35 13
17 35 14
17 35 15
17 35 16
17 35 17
17 35 18
17 35 19
17 36 10
17 36 11
17 36 12
17 36 13
17 36 14
17 36 15
17 36 16
17 36 17
17 36 18
17 36 19
17 37 10
17 37 11
17 37 12
17 37 13
17 37 14
17 37 15
17 37 16
17 37 17
17 37 18
17 37 19
17 38 10
17 38 11
17 38 12
17 38 13
17 38 14
17 38 15
17 38 16
17 38 17
17 38 18
17 38 19
17 39 10
17 39 11
17 39 12
17 39 13
17 39 14
17 39 15
17 39 16
17 39 17
17 39 18
17 39 19
18 20 10
18 20 11
18 20 12
18 20 13
18 20 14
18 20 15
18 20 16
18 20 17
18 20 18
18 20 19
18 21 10
18 21 11
18 21 12
18 21 13
18 21 14
18 21 15
18 21 16
18 21 17
18 21 18
18 21 19
18 22 10
18 22 11
18 22 12
18 22 13
18 22 14
18 22 15
18 22 16
18 22 17
18 22 18
18 22 19
18 23 10
18 23 11
18 23 12
18 23 13
18 23 14
18 23 15
18 23 16
18 23 17
18 23 18
18 23 19
18 24 10
18 24 11
18 24 12
18 24 13
18 24 14
18 24 15
18 24 16
18 24 17
18 24 18
18 24 19
18 25 10
18 25 11
18 25 12
18 25 13
18 25 14
18 25 15
18 25 16
18 25 17
18 25 18
18 25 19
18 26 10
18 26 11
18 26 12
18 26 13
18 26 14
18 26 15
18 26 16
18 26 17
18 26 18
18 26 19
18 27 10
18 27 11
18 27 12
18 27 13
18 27 14
18 27 15
18 27 16
18 27 17
18 27 18
18 27 19
18 28 10
18 28 11
18 28 12
18 28 13
18 28 14
18 28 15
18 28 16
18 28 17
18 28 18
18 28 19
18 29 10
18 29 11
18 29 12
18 29 13
18 29 14
18 29 15
18 29 16
18 29 17
18 29 18
18 29 19
18 30 10
18 30 11
18 30 12
18 30 13
18 30 14
18 30 15
18 30 16
18 30 17
18 30 18
18 30 19
18 31 10
18 31 11
18 31 12
18 31 13
18 31 14
18 31 15
18 31 16
18 31 17
18 31 18
18 31 19
18 32 10
18 32 11
18 32 12
18 32 13
18 32 14
18 32 15
18 32 16
18 32 17
18 32 18
18 32 19
18 33 10
18 33 11
18 33 12
18 33 13
18 33 14
18 33 15
18 33 16
18 33 17
18 33 18
18 33 19
18 34 10
18 34 11
18 34 12
18 34 13
18 34 14
18 34 15
18 34 16
18 34 17
18 34 18
18 34 19
18 35 10
18 35 11
18 35 12
18 35 13
18 35 14
18 35 15
18 35 16
18 35 17
18 35 18
18 35 19
18 36 10
18 36 11
18 36 12
18 36 13
18 36 14
18 36 15
18 36 16
18 36 17
18 36 18
18 36 19
18 37 10
18 37 11
18 37 12
18 37 13
18 37 14
18 37 15
18 37 16
18 37 17
18 37 18
18 37 19
18 38 10
18 38 11
18 38 12
18 38 13
18 38 14
18 38 15
18 38 16
18 38 17
18 38 18
18 38 19
18 39 10
18 39 11
18 39 12
18 39 13
18 39 14
18 39 15
18 39 16
18 39 17
18 39 18
18 39 19
19 20 10
19 20 11
19 20 12
19 20 13
19 20 14
19 20 15
19 20 16
19 20 17
19 20 18
19 20 19
19 21 10
19 21 11
19 21 12
19 21 13
19 21 14
19 21 15
19 21 16
19 21 17
19 21 18
19 21 19
19 22 10
19 22 11
19 22 12
19 22 13
19 22 14
19 22 15
19 22 16
19 22 17
19 22 18
19 22 19
19 23 10
19 23 11
19 23 12
19 23 13
19 23 14
19 23 15
19 23 16
19 23 17
19 23 18
19 23 19
19 24 10
19 24 11
19 24 12
19 24 13
19 24 14
19 24 15
19 24 16
19 24 17
19 24 18
19 24 19
19 25 10
19 25 11
19 25 12
19 25 13
19 25 14
19 25 15
19 25 16
19 25 17
19 25 18
19 25 19
19 26 10
19 26 11
19 26 12
19 26 13
19 26 14
19 26 15
19 26 16
19 26 17
19 26 18
19 26 19
19 27 10
19 27 11
19 27 12
19 27 13
19 27 14
19 27 15
19 27 16
19 27 17
19 27 18
19 27 19
19 28 10
19 28 11
19 28 12
19 28 13
19 28 14
19 28 15
19 28 16
19 28 17
19 28 18
19 28 19
19 29 10
19 29 11
19 29 12
19 29 13
19 29 14
19 29 15
19 29 16
19 29 17
19 29 18
19 29 19
19 30 10
19 30 11
19 30 12
19 30 13
19 30 14
19 30 15
19 30 16
19 30 17
19 30 18
19 30 19
19 31 10
19 31 11
19 31 12
19 31 13
19 31 14
19 31 15
19 31 16
19 31 17
19 31 18
19 31 19
19 32 10
19 32 11
19 32 12
19 32 13
19 32 14
19 32 15
19 32 16
19 32 17
19 32 18
19 32 19
19 33 10
19 33 11
19 33 12
19 33 13
19 33 14
19 33 15
19 33 16
19 33 17
19 33 18
19 33 19
19 34 10
19 34 11
19 34 12
19 34 13
19 34 14
19 34 15
19 34 16
19 34 17
19 34 18
19 34 19
19 35 10
19 35 11
19 35 12
19 35 13
19 35 14
19 35 15
19 35 16
19 35 17
19 35 18
19 35 19
19 36 10
19 36 11
19 36 12
19 36 13
19 36 14
19 36 15
19 36 16
19 36 17
19 36 18
19 36 19
19 37 10
19 37 11
19 37 12
19 37 13
19 37 14
19 37 15
19 37 16
19 37 17
19 37 18
19 37 19
19 38 10
19 38 11
19 38 12
19 38 13
19 38 14
19 38 15
19 38 16
19 38 17
19 38 18
19 38 19
19 39 10
19 39 11
19 39 12
19 39 13
19 39 14
19 39 15
19 39 16
19 39 17
19 39 18
19 39 19
